0.4326
0.3665
0.3473
0.4722
0.388
0.355
0.5005
0.5494
0.3364
0.3518
0.419
0.4278
0.4592
0.3307
0.3516
0.3821
0.2962
0.271
0.3401
0.2741
0.347
0.252
0.4331
0.2074
0.2558
0.3181
0.2071
0.2344
0.304
0.1248
0.1396
0.2134
0.3495
0.3891
0.4664
0.3442
0.4175
0.4609
0.3786
0.3436
0.3621
0.511
0.4296
0.6988
0.2986
0.302
0.3984
0.4324
0.4252
0.6217
0.3507
0.3115
0.3726
0.3821
0.3877
0.4507
0.5413
0.4907
0.4668
0.4014
0.5928
0.5067
0.4397
0.3646
0.3959
0.3425
0.39
0.3133
0.2931
0.2843
0.2596
0.2409
0.2385
0.206
0.1946
0.1742
0.1731
0.148
0.2269
0.13
0.1216
0.0968
0.046
0.2215
0.2499
0.2958
0.2761
0.3775
0.4054
0.4065
0.406
0.4095
0.517
0.51
0.4962
0.4202
0.4613
0.4498
0.49
0.4833
0.625
0.5925
0.6327
0.5449
0.4253
0.5597
0.4961
0.3808
0.4247
0.4554
0.385
0.3651
0.4025
0.3939
0.3027
0.3618
0.2375
0.294
0.2947
0.3406
0.2477
0.2656
0.2791
0.2472
0.3359
0.2048
0.2013
0.1573
0.1156
0.1433
0.2109
0.2821
0.2868
0.3011
0.2883
0.2442
0.4012
0.396
0.5098
0.3969
0.401
0.5111
0.4793
0.5496
0.5338
0.4037
0.4259
0.5291
0.5081
0.4752
0.4327
0.3836
0.4961
0.4039
0.4103
0.4009
0.3923
0.4242
0.4868
0.426
0.3853
0.463
0.4713
0.4136
0.3467
0.3286
0.2722
0.2934
0.2644
0.2286
0.2281
0.1916
0.1805
0.1979
0.1306
0.1447
0.139
0.0761
0.0538
0.0638
0.0662
0.0948
0.1409
0.2159
0.2257
0.2749
0.2995
0.4123
0.4583
0.4422
0.3932
0.5406
0.5336
0.5107
0.4912
0.4888
0.47
0.4726
0.4259
0.4713
0.5499
0.719
0.4787
0.557
0.4798
0.4654
0.4758
0.4807
0.5205
0.3652
0.5125
0.3209
0.4812
0.3385
0.355
0.3176
0.3568
0.4315
0.339
0.3389
0.2874
0.2129
0.1294
0.1498
0.0754
0.0529
0.0554
0.0885
0.2674
0.4286
0.1969
0.2101
0.4417
0.3744
0.3533
0.4815
0.4778
0.5442
0.6453
0.4817
0.5072
0.4599
0.418
0.558
0.4745
0.6797
0.4657
0.5154
0.5763
0.4281
0.5393
0.4692
0.5599
0.4285
0.5026
0.4039
0.4868
0.4194
0.3729
0.4647
0.4671
0.3871
0.2959
0.3213
0.2845
0.2427
0.2761
0.224
0.1286
0.1097
0.0986
0.0744
0.0826
0.1128
0.1265
0.1282
0.0865
0.0658
0.0763
0.0804
0.0712
0.0479
0.0451
0.05
0.0386
0.0419
